474258
474222
474175
474069
473854
473652
473394
473117
472860
472643
472248
471949
471673
471317
471068
470853
470589
470330
470012
469720
469416
469114
468741
468420
468106
467771
467523
467221
466913
466589
466261
465967
465529
465160
464868
464499
464218
464022
463640
463199
462843
462496
462057
461726
461329
460974
460774
460479
460058
459678
459251
458755
458278
457796
457438
457004
456511
456074
455543
455033
454562
454146
453726
453168
452711
452130
451594
451052
450637
450110
449545
448957
448359
447771
447312
446762
446187
445473
444852
444241
443735
443046
442413
441709
441007
440478
439737
439039
438261
437565
436975
436241
435457
434595
433950
433109
432316
431475
430839
430117
429272
428308
427480
426637
425715
424831
423995
422958
421922
420937
420178
419228
418201
417340
416211
415054
414174
413284
412199
411019
409970
408761
407597
406447
405146
404021
402758
401453
400316
398850
397466
396182
394715
393439
391894
390447
388766
387228
385634
384022
382370
380591
378719
376956
375736
374975
374379
373921
373087
372350
371428
370195
368115
366058
363981
362886
361425
359378
357273
355832
354034
352973
351725
349752
347548
345567
343263
340807
338596
336151
333589
330784
328263
325706
323061
320081
316862
313683
310509
307120
303373
300075
296687
292476
287991
283461
276985
271838
266011
257406
246896
230510
204509
69986
10067
0
