471250
471176
471082
470904
470826
470570
470240
469948
469633
469340
468934
468563
468288
467927
467630
467425
467137
466786
466485
466185
465846
465440
465061
464698
464432
464174
463853
463465
463057
462713
462329
461985
461676
461278
460927
460635
460234
459774
459359
458844
458382
457892
457503
457103
456572
456116
455618
455075
454586
454179
453740
453172
452723
452157
451625
451052
450666
450082
449494
448886
448290
447703
447269
446680
446096
445395
444793
444203
443613
442943
442246
441539
440886
440332
439619
438848
438150
437498
436843
436084
435208
434400
433753
432888
432042
431301
430727
429867
428953
428037
427226
426342
425350
424461
423668
422737
421754
420802
419925
418957
417902
417085
415990
414932
414082
413075
411911
410757
409687
408476
407352
406215
404899
403721
402398
401039
399839
398420
397211
395796
394353
393048
391510
390005
388329
386796
385046
383442
381640
379879
378032
376423
375508
374844
374254
373706
372852
372022
371003
369466
367308
365145
363573
362504
360724
358544
356763
355225
353731
352606
351020
348956
346778
344470
342287
339977
337407
334872
332356
329734
327224
324306
321593
318453
315429
312175
308884
305419
301764
298387
295039
290890
286487
281382
274966
269727
263082
253642
241060
221671
179373
26669
0
474168
474071
473959
473824
473681
473420
473139
472950
472698
472377
472004
471723
471384
471097
470873
470641
470377
470040
469739
469455
469091
468721
468398
468154
467865
467575
467407
467084
466699
466286
465959
465526
465157
464876
464525
464220
463929
463512
463142
462772
462466
462125
461764
461415
461063
460800
460455
460036
459598
459148
458642
458137
457705
457358
456851
456385
455973
455405
454957
454474
454093
453629
453050
452600
451973
451362
450849
450362
449747
449213
448558
447994
447499
447030
446390
445720
445056
444391
443874
443180
442472
441776
441087
440593
439917
439257
438449
437715
437108
436317
435493
434646
433989
433208
432417
431541
430860
430145
429234
428310
427465
426640
425722
424775
423957
423040
422045
421097
420284
419348
418274
417423
416335
415278
414355
413515
412512
411257
410208
408990
407727
406595
405360
404154
402939
401610
400390
399028
397629
396427
395073
394870
394839
394788
394786
394769
394726
394711
394753
394797
394780
394816
394858
394887
394838
394839
394814
394829
394807
394814
394763
394761
394717
394721
394734
394715
394742
394723
394712
394711
394698
394709
394724
394705
394739
394748
394752
394750
394782
394759
394746
394734
394719
394699
394655
394629
394646
394637
394643
394645
394643
394639
394661
394666
394677
394666
394656
394672
394703
394700
394690
394738
394734
394724
394750
394732
394723
394728
394711
394730
394719
394697
394705
394718
394731
394722
394730
394720
394764
394734
394749
394758
394736
394757
394748
394761
394762
394766
394760
394735
394756
394752
394738
394717
394762
394772
394783
394758
394737
394735
394782
394794
394814
394863
394877
394768
394708
394669
394611
394616
394652
394662
394672
394692
394701
394710
394707
394717
394735
394706
394658
394653
394628
394631
394649
394682
394664
394432
393921
393207
392971
392980
392990
392990
392977
392998
393026
392983
392994
393009
393013
393013
392984
392959
392979
392973
392980
392974
392981
393005
393007
393016
392812
392051
391281
390946
390968
390962
390958
390934
390959
390865
390776
390718
390685
390735
390733
390765
390814
391007
391075
391067
391020
391021
390989
390951
390910
390698
389996
389180
388779
388823
388822
388834
388883
388917
388912
388914
388911
388946
388930
388938
388903
388893
388853
388822
388819
388772
388754
388739
388724
388722
388533
387875
387249
386821
386839
386853
386828
386858
386864
386881
386903
386931
386921
386937
386948
386954
386954
386934
386923
386907
386923
386918
386923
386927
386922
386352
385584
384847
384670
384687
384701
384709
384729
384733
384730
384741
384760
384792
384796
384769
384785
384773
384754
384736
384724
384733
384737
384684
384276
383621
382842
382581
382592
382618
382554
382515
382483
382485
382499
382464
382510
382505
382536
382559
382575
382521
382501
382505
382508
382531
382577
382593
382599
382541
382496
382495
382500
382535
382547
382551
382516
382518
382500
382488
382445
382418
382397
382323
382345
382371
382417
382440
382482
382548
382555
382584
382538
382548
382528
382526
382554
381814
380930
380353
380359
380380
380387
380340
380324
380304
380339
380290
379571
378600
377804
377793
377819
377832
377804
377788
377798
377606
376924
376246
375891
375520
375164
374989
374902
374620
374392
374315
374315
374322
374343
374290
374314
374288
374274
374267
374270
374267
374286
374275
374304
374307
374270
374277
374268
374253
374246
374267
374292
374294
374303
374336
374324
374330
374322
374296
374277
374275
374269
374286
374260
374242
374231
374240
374252
374262
374160
374025
373759
373622
373644
373615
373633
373626
373625
373630
373622
373586
373631
373671
373710
373727
373300
372883
372452
372342
372330
372395
372464
372513
372541
372558
372561
372309
371767
371404
371315
371133
370699
370050
369492
369489
369115
368126
367283
366566
365680
364692
364192
364206
364161
364152
363742
363232
362809
362731
362705
362723
362698
362731
362728
362717
362683
362725
362744
362754
362728
362751
362767
362745
362765
362740
362642
362561
362579
362592
362556
362564
362590
362634
362597
362601
362608
362601
362631
362724
362764
362797
362768
362768
362752
362742
362674
362696
362697
362666
362701
362669
362670
362686
362421
361535
360771
360648
360658
360670
360679
360669
360659
360654
360660
360445
359473
358309
357809
357748
357075
356392
355853
355842
355161
354324
353909
353781
353428
352926
352485
351870
350996
350655
350590
349696
348609
347782
347752
347728
347717
347697
347694
347700
347714
347756
347793
347772
347710
347689
347703
347708
347718
347717
347739
347728
347726
347747
347789
347759
347770
347755
347729
347746
347747
347751
347768
347759
347740
347724
347743
347744
347746
347737
347750
347744
347773
347763
347777
347812
347835
347885
347168
346098
345123
343998
343082
341993
340848
340499
340507
339599
338441
337416
336253
335112
334787
334738
333854
332439
331262
330194
329088
329054
328507
327484
326220
325736
325766
325753
325738
324845
323761
322582
322083
322077
322074
322085
322127
322136
321384
319976
318406
318068
318079
318079
318072
318047
318051
318051
318061
318072
318081
318060
318058
318059
318059
318072
318072
318065
318067
318104
318091
318072
318076
318079
318070
318058
318077
318069
318061
318062
318076
318060
318072
318087
318089
318084
318085
318092
318086
318102
318086
318073
318089
317621
316503
315061
314227
314220
314221
314220
314216
314225
314225
314221
314221
314147
314162
313824
312390
310595
310132
310099
310087
310081
310085
310130
310125
310127
310143
310146
310149
310140
310140
310036
308621
307022
305625
305680
305638
305646
305678
304333
302607
301219
299726
298299
297637
297600
297086
295375
293712
293019
293026
293052
293074
293071
293041
293060
293044
293021
292999
292995
292988
293006
293017
293021
293023
293017
293036
293036
293032
293029
293020
293018
293029
293015
293029
293004
293023
293019
293028
293020
293015
293012
293036
293030
293029
293027
293029
293022
293018
291504
289699
287770
287457
287463
287463
287458
287465
287457
287458
287454
287459
287464
287477
287467
287464
286617
284334
282185
281095
281105
281159
281162
281189
281179
281193
281164
281152
281218
281210
281207
281219
281219
281217
278837
275522
273663
273659
273651
273638
273626
273634
273647
273643
273634
273630
273630
273620
273628
273641
273643
273635
273638
273635
273633
273628
273616
273609
273613
273620
273609
273618
273614
273610
273615
273614
273601
273625
273632
273627
273626
273023
270393
267382
265939
265896
265901
265930
265937
265901
265873
265867
265864
265877
265838
265826
264537
260471
256244
254483
254472
254467
254475
254492
254500
254472
254493
254501
254469
254468
254482
254499
254508
254497
254481
254461
254436
254424
254427
254432
254434
254439
254438
254445
254461
254472
254477
254459
254468
254452
254435
254415
254417
254423
254407
254411
254414
254413
254414
254424
254421
254426
254425
254422
254433
254415
254417
254444
252703
247458
241099
238210
238202
238220
238205
238203
238192
238201
238173
238186
238209
238608
237868
230328
220616
210177
210216
210222
210203
210206
210227
210206
210202
210183
210209
210318
210312
210324
210303
210306
210308
210308
210301
210302
210315
210313
210313
210318
210328
210310
210322
210318
210317
210313
210294
210308
210321
210311
210302
210307
210281
210305
210317
210301
198737
150388
61741
45685
45864
45847
45822
45804
45867
45857
45799
45834
44235
44206
21426
10445
0
