453684      -30405
440599      -30416
419984      -30421
400775      -30435
379254      -30446
360750      -30454
340831      -30485
320543      -30583
300279      -30669
280655      -30779
260616      -30902
240932      -31043
220787      -31202
200972      -31351
180859      -31466
161153      -31589
140932      -31814
120960      -32002
101142      -32168
91382      -32235
79990      -32348
70168      -32408
60843      -32481
49281      -32679
40484      -32971
30878      -33482
27689      -33701
24729      -33878
21385      -34164
20508      -34287
18898      -34473
18164      -34598
17374      -34721
16435      -34912
15478      -35145
14510      -35425
13351      -35754
12502      -36141
11500      -36613
10489      -37003
9334      -37485
8504      -37840
7288      -38372
