453696      -30405
439479      -30417
420541      -30418
400219      -30440
379438      -30436
359122      -30458
340902      -30515
320965      -30574
300316      -30658
280765      -30764
260718      -30886
240741      -31021
220639      -31163
200834      -31343
180682      -31482
160806      -31601
140658      -31832
120159      -32027
99406      -32188
90178      -32265
79421      -32386
71242      -32456
60111      -32510
50277      -32619
40616      -33004
31084      -33521
28192      -33711
24926      -33913
21538      -34178
20588      -34270
19101      -34470
18245      -34571
17169      -34808
16429      -34998
15478      -35237
14475      -35509
13425      -35764
12368      -36183
11509      -36595
10466      -37025
9455      -37465
8312      -37940
7402      -38362
