473901
473818
473742
473511
473356
473122
472904
472683
472367
472077
471783
471559
471229
470940
470761
470467
470124
469797
469505
469239
468823
468511
468245
467891
467581
467396
467123
466782
466461
466171
465890
465467
465104
464742
464385
464173
463862
463522
463095
462731
462368
461972
461627
461225
460912
460698
460350
459854
459431
458929
458421
457915
457545
457158
456658
456167
455712
455202
454638
454188
453801
453334
452906
452408
451853
451281
450791
450320
449723
449124
448438
447878
447436
446881
446302
445644
445051
444487
443956
443339
442690
441973
441222
440615
439947
439299
438553
437862
437353
436658
435949
435037
434221
433530
432802
431932
431241
430562
429664
428759
427860
427067
426185
425197
424240
423401
422378
421402
420573
419616
418535
417544
416677
415613
414546
413770
412645
411375
410368
409197
407896
406772
405604
404300
403150
401813
400634
399253
397833
396615
395199
393953
392513
390899
389397
387816
386275
384473
382951
381087
379443
377544
376239
375460
374779
374216
373560
372751
371940
370785
368883
366877
364615
363438
362026
360168
359131
359000
358922
358827
358735
358588
358446
358307
358207
358147
358010
357847
357847
357745
357623
357541
357506
357435
357378
357345
357319
357311
357275
357154
357050
356987
356919
356861
356790
356714
356634
356565
356449
356404
356356
356291
356221
356185
356122
356103
355958
355830
355812
355814
355798
355535
355435
355343
355282
355144
355123
355050
354937
354867
354793
354709
354637
354503
354380
354319
354281
354249
354126
354052
354028
354027
354032
353994
353948
353916
353909
353826
353732
353674
353627
353579
353516
353503
353464
353380
353307
353248
353233
353219
353124
353034
352969
352933
352893
352844
352798
352773
352707
352612
352480
352480
352464
352481
352391
352291
352212
352112
351996
351881
351827
351798
351684
351580
351504
351466
351404
351245
351154
351089
351031
350921
350799
350726
350667
350612
350486
350362
350273
350213
350138
349979
349907
349841
349668
349529
349453
349389
349280
349147
349072
348968
348830
348653
348500
348414
348345
348196
348082
348014
347917
347759
347657
347571
347507
347422
347323
347276
347227
347173
347066
346915
346832
346729
346602
346478
346346
346217
346174
346097
345985
345903
345821
345774
345627
345444
345359
345305
345143
344959
344858
344787
344717
344496
344383
344330
344247
344078
343987
343954
343921
343798
343628
343544
343459
343276
343078
342944
342897
342896
342806
342679
342581
342490
342409
342277
342150
342020
341876
341728
341588
341517
341451
341333
341134
341054
340994
340960
340803
340702
340626
340592
340523
340349
340248
340235
340102
339930
339844
339816
339709
339517
339469
339471
339387
339125
338961
338802
338707
338539
338355
338189
338112
338073
337857
337674
337633
337570
337360
337267
337240
337193
337096
336915
336807
336697
336597
336449
336231
336137
336118
335993
335781
335761
335688
335524
335276
335118
335036
334932
334791
334700
334557
334423
334299
334158
333994
333948
333915
333823
333650
333563
333486
333298
333131
332999
332878
332772
332626
332447
332418
332333
332080
331889
331772
331718
331530
331404
331347
331240
331058
330961
330817
330684
330625
330573
330461
330328
330217
330171
329994
329823
329790
329611
329453
329347
329179
329110
329024
328778
328667
328551
328445
328308
328139
328085
328054
327907
327677
327600
327523
327369
327252
327195
327086
326964
326817
326654
326527
326472
326327
326118
326051
325978
325765
325593
325413
325266
325154
325032
324843
324765
324720
324554
324326
324251
324141
324014
323908
323845
323776
323655
323511
323376
323208
323138
323035
322767
322664
322561
322465
322306
322028
321872
321769
321624
321405
321345
321193
320990
320862
320608
320562
320519
320367
320183
320108
319936
319805
319558
319420
319355
319168
319029
318762
318673
318568
318368
318128
318037
318009
317904
317643
317555
317414
317284
317207
317125
317023
316869
316772
316474
316290
316081
316059
315770
315681
315596
315407
315227
315001
314792
314710
314604
314321
314221
314123
313947
313870
313789
313623
313507
313383
313102
312949
312770
312734
312502
312357
312242
312063
311840
311630
311498
311407
311330
311135
310913
310868
310728
310550
310491
310420
310315
310152
309931
309759
309724
309486
309315
309043
308962
308776
308561
308387
308280
308078
308002
307752
307538
307443
307270
307161
306998
306783
306730
306471
306179
306035
305977
305715
305453
305112
305004
304930
304661
304335
304190
304071
303867
303784
303528
303444
303362
303079
302871
302704
302635
302385
302310
302133
301988
301797
301590
301368
301284
301057
300862
300591
300486
300458
300325
300143
300067
299922
299723
299538
299328
299262
299055
298920
298613
298438
298330
298229
298009
297921
297822
297620
297473
297277
297141
297118
297017
296763
296616
296423
296307
295995
295828
295644
295591
295357
295034
294904
294714
294598
294286
294110
293994
293791
293688
293406
293310
293081
292938
292605
292374
292271
292096
291792
291548
291347
291263
291065
290765
290549
290440
290356
290075
289926
289675
289558
289244
288937
288791
288549
288326
288009
287883
287755
287469
287158
287027
286838
286674
286417
286184
285922
285835
285576
285190
284894
284727
284568
284324
284001
283750
283709
283476
283193
282957
282738
282550
282173
281844
281575
281345
281139
280671
280367
280292
279968
279567
279239
278945
278704
278189
277696
277380
277093
276818
276404
276120
275881
275685
275343
274984
274833
274603
274380
274044
273946
273774
273678
273537
273262
273025
272684
272261
271818
271560
271448
271116
270677
270429
270319
270110
269734
269272
269132
268843
268356
267990
267791
267623
267351
266980
266735
266571
266291
265914
265624
265388
265038
264665
264249
263880
263616
263297
262824
262362
262077
261729
261169
260562
260260
260089
259650
259116
258736
258370
257964
257335
256907
256626
256265
255790
255169
254662
254396
253929
253448
253050
252668
252285
251635
250926
250534
250217
249674
249050
248485
248034
247658
246864
246184
245749
245233
244277
243505
242963
242451
241781
240711
240108
239596
238854
237854
236815
236214
235632
234532
233329
232572
231922
230955
229933
228828
228151
227481
226249
225002
224001
223319
222387
220801
219755
219039
218006
216486
215143
214013
213138
211592
209574
208192
206982
205147
202792
200188
198596
196844
193626
189842
187415
184959
180630
174650
168147
163410
155956
142312
131500
123823
116535
106297
92815
84463
78813
69699
56036
45926
42077
38846
34726
30931
29007
27359
24637
22078
20098
18602
17137
15081
13792
13297
12926
12005
11225
10576
9941
9091
7931
