473475      -30308
440547      -30398
420469      -30466
400648      -30529
380213      -30609
359271      -30702
340822      -30788
320144      -30895
299655      -31001
280818      -31108
259205      -31241
240769      -31360
220698      -31497
200797      -31676
180308      -31888
159977      -32189
139718      -32195
120463      -32198
99594      -32397
89378      -32508
80405      -32603
69804      -32705
60778      -32800
49424      -32967
41065      -33220
30276      -33763
28003      -33950
24850      -34239
21418      -34649
20079      -34776
19088      -34819
17511      -34892
17480      -34894
15981      -35035
15017      -35173
14455      -35338
13483      -35482
12475      -35830
11411      -36227
10414      -36635
9434      -37065
8423      -37542
7451      -38053
