452609      -30418
439681      -30457
420032      -30518
400080      -30587
379855      -30664
360831      -30751
340038      -30850
320802      -30947
300948      -31052
279161      -31170
259217      -31291
240250      -31412
220875      -31542
200962      -31731
180294      -31959
160029      -32293
139189      -32151
119248      -32284
99860      -32470
89108      -32588
80969      -32673
69428      -32789
60924      -32874
49331      -33053
39833      -33345
30750      -33836
27639      -34078
24544      -34363
21028      -34746
19910      -34851
19753      -34876
17957      -34964
17097      -35040
15815      -35160
15474      -35201
14406      -35477
13371      -35550
12380      -35969
11322      -36360
10446      -36710
9295      -37223
8469      -37599
7319      -38198
