453289      -31372
440182      -31395
420665      -31471
400115      -31508
379671      -31572
360265      -31668
340285      -31758
320808      -31822
300646      -31906
280081      -31978
260182      -32069
240568      -32188
220088      -32317
199200      -32486
179885      -32707
160976      -32872
140565      -33021
121067      -33184
99942      -33394
90931      -33499
79309      -33609
69532      -33707
59625      -33802
49401      -33955
40220      -34205
30652      -34687
27665      -34893
24985      -35137
21169      -35456
19586      -35564
19330      -35577
17648      -35657
16754      -35698
16077      -35750
15031      -35918
14352      -36044
13401      -36284
12460      -36592
11287      -37031
10485      -37349
9402      -37782
8367      -38247
7390      -38644
